solution_name: _2q_solution
mean_fault_score: 0.1745888681249122
mean_hit_score: 0.046613236021645729
test_cases:
  - test_number: 1
    fault_score: 0.1745888681249122
    hit_score: 0.046613236021645729
    tenants:
      - tenant_id: 1
        fault_score: 0.054139015019210618
        hit_score: 0.021717808603054504
        judge_hit_ratio: 0.7137
        solution_hit_ratio: 0.69820000000000004
      - tenant_id: 2
        fault_score: 0.16376921138825901
        hit_score: 0.045733364888289059
        judge_hit_ratio: 0.78170499999999998
        solution_hit_ratio: 0.74595500000000003
      - tenant_id: 3
        fault_score: 0.17106531323695273
        hit_score: 0.074994381264889651
        judge_hit_ratio: 0.69521875
        solution_hit_ratio: 0.64308125000000005
      - tenant_id: 4
        fault_score: 0.2116685456595265
        hit_score: 0.0098231570135509857
        judge_hit_ratio: 0.95565
        solution_hit_ratio: 0.94626250000000001