solution_name: lru_2_solution
mean_fault_score: 0.2249062751744817
mean_hit_score: 0.062413141372923656
test_cases:
  - test_number: 1
    fault_score: 0.2249062751744817
    hit_score: 0.062413141372923656
    tenants:
      - tenant_id: 1
        fault_score: 0.18302479916171849
        hit_score: 0.073420204567745548
        judge_hit_ratio: 0.7137
        solution_hit_ratio: 0.6613
      - tenant_id: 2
        fault_score: 0.17375569756522138
        hit_score: 0.048522140705253264
        judge_hit_ratio: 0.78170499999999998
        solution_hit_ratio: 0.74377499999999996
      - tenant_id: 3
        fault_score: 0.17036809186916846
        hit_score: 0.074688722074886499
        judge_hit_ratio: 0.69521875
        solution_hit_ratio: 0.64329375
      - tenant_id: 4
        fault_score: 0.25648252536640359
        hit_score: 0.011902893318683619
        judge_hit_ratio: 0.95565
        solution_hit_ratio: 0.94427499999999998