solution_name: lirs_solution
tune_parameters:
  - tune_parameter: 0.80000000000000004
    mean_fault_score: 0.04127536119456468
    mean_hit_score: 0.046236815363780714
  - tune_parameter: 0.84999999999999998
    mean_fault_score: 0.041788600446855159
    mean_hit_score: 0.04652258957655947
  - tune_parameter: 0.90000000000000002
    mean_fault_score: 0.042383506220029482
    mean_hit_score: 0.046853112340983757
  - tune_parameter: 0.94999999999999996
    mean_fault_score: 0.043274435091900779
    mean_hit_score: 0.04727539533662814
  - tune_parameter: 0.97999999999999998
    mean_fault_score: 0.04413812320104106
    mean_hit_score: 0.047688299836666108
best_tune_parameter: 0.80000000000000004
best_second_tune_parameter: -1
best_third_tune_parameter: -1